15.1,94.9;15.1,5.1;0
15.1,5.1;15.1,94.9;0
25.1,94.9;25.1,5.1;0
25.1,5.1;25.1,94.9;0
35.1,94.9;35.1,5.1;0
35.1,5.1;35.1,94.9;0
45.1,94.9;45.1,5.1;0
45.1,5.1;45.1,94.9;0
55.1,94.9;55.1,5.1;0
55.1,5.1;55.1,94.9;0
65.1,94.9;65.1,5.1;0
65.1,5.1;65.1,94.9;0
75.1,94.9;75.1,5.1;0
75.1,5.1;75.1,94.9;0
85.1,94.9;85.1,5.1;0
85.1,5.1;85.1,94.9;0
94.9,15.1;5.1,15.1;0
5.1,15.1;94.9,15.1;0
94.9,25.1;5.1,25.1;0
5.1,25.1;94.9,25.1;0
94.9,35.1;5.1,35.1;0
5.1,35.1;94.9,35.1;0
94.9,45.1;5.1,45.1;0
5.1,45.1;94.9,45.1;0
94.9,55.1;5.1,55.1;0
5.1,55.1;94.9,55.1;0
94.9,65.1;5.1,65.1;0
5.1,65.1;94.9,65.1;0
94.9,75.1;5.1,75.1;0
5.1,75.1;94.9,75.1;0
94.9,85.1;5.1,85.1;0
5.1,85.1;94.9,85.1;0
