10.1,94.9;10.1,5.1;0
10.1,5.1;10.1,94.9;0
15.1,94.9;15.1,5.1;0
15.1,5.1;15.1,94.9;0
20.1,94.9;20.1,5.1;0
20.1,5.1;20.1,94.9;0
25.1,94.9;25.1,5.1;0
25.1,5.1;25.1,94.9;0
30.1,94.9;30.1,5.1;0
30.1,5.1;30.1,94.9;0
35.1,94.9;35.1,5.1;0
35.1,5.1;35.1,94.9;0
40.1,94.9;40.1,5.1;0
40.1,5.1;40.1,94.9;0
45.1,94.9;45.1,5.1;0
45.1,5.1;45.1,94.9;0
50.1,94.9;50.1,5.1;0
50.1,5.1;50.1,94.9;0
55.1,94.9;55.1,5.1;0
55.1,5.1;55.1,94.9;0
60.1,94.9;60.1,5.1;0
60.1,5.1;60.1,94.9;0
65.1,94.9;65.1,5.1;0
65.1,5.1;65.1,94.9;0
70.1,94.9;70.1,5.1;0
70.1,5.1;70.1,94.9;0
75.1,94.9;75.1,5.1;0
75.1,5.1;75.1,94.9;0
80.1,94.9;80.1,5.1;0
80.1,5.1;80.1,94.9;0
85.1,94.9;85.1,5.1;0
85.1,5.1;85.1,94.9;0
90.1,94.9;90.1,5.1;0
90.1,5.1;90.1,94.9;0
94.9,10.1;5.1,10.1;0
5.1,10.1;94.9,10.1;0
94.9,15.1;5.1,15.1;0
5.1,15.1;94.9,15.1;0
94.9,20.1;5.1,20.1;0
5.1,20.1;94.9,20.1;0
94.9,25.1;5.1,25.1;0
5.1,25.1;94.9,25.1;0
94.9,30.1;5.1,30.1;0
5.1,30.1;94.9,30.1;0
94.9,35.1;5.1,35.1;0
5.1,35.1;94.9,35.1;0
94.9,40.1;5.1,40.1;0
5.1,40.1;94.9,40.1;0
94.9,45.1;5.1,45.1;0
5.1,45.1;94.9,45.1;0
94.9,50.1;5.1,50.1;0
5.1,50.1;94.9,50.1;0
94.9,55.1;5.1,55.1;0
5.1,55.1;94.9,55.1;0
94.9,60.1;5.1,60.1;0
5.1,60.1;94.9,60.1;0
94.9,65.1;5.1,65.1;0
5.1,65.1;94.9,65.1;0
94.9,70.1;5.1,70.1;0
5.1,70.1;94.9,70.1;0
94.9,75.1;5.1,75.1;0
5.1,75.1;94.9,75.1;0
94.9,80.1;5.1,80.1;0
5.1,80.1;94.9,80.1;0
94.9,85.1;5.1,85.1;0
5.1,85.1;94.9,85.1;0
94.9,90.1;5.1,90.1;0
5.1,90.1;94.9,90.1;0
