50.0,10.0;50.0,90.0;0
50.0,90.0;50.0,10.0;0
40.0,11.27;60.0,88.73;0
60.0,88.73;40.0,11.27;0
30.0,15.36;70.0,84.64;0
70.0,84.64;30.0,15.36;0
20.0,23.54;80.0,76.46;0
80.0,76.46;20.0,23.54;0
10.0,50.0;90.0,50.0;0
90.0,50.0;10.0,50.0;0
15.0,30.64;85.0,69.36;0
85.0,69.36;15.0,30.64;0
11.2,40.28;88.8,59.72;0
88.8,59.72;11.2,40.28;0
50.0,90.0;50.0,10.0;0
50.0,10.0;50.0,90.0;0
40.0,88.73;60.0,11.27;0
60.0,11.27;40.0,88.73;0
30.0,84.64;70.0,15.36;0
70.0,15.36;30.0,84.64;0
20.0,76.46;80.0,23.54;0
80.0,23.54;20.0,76.46;0
10.0,50.0;90.0,50.0;0
90.0,50.0;10.0,50.0;0
15.0,69.36;85.0,30.64;0
85.0,30.64;15.0,69.36;0
11.2,59.72;88.8,40.28;0
88.8,40.28;11.2,59.72;0
